86 
55 
66 
82 
35 
70 
68 
74 
66 
47 
32 
89 
35 
46 
33 
42 
64 
63 
60 
86 
72 
85 
61 
72 
33 
52 
76 
87 
39 
49 
47 
73 
59 
55 
48 
74 
52 
55 
83 
31 
80 
68 
43 
76 
81 
60 
31 
63 
36 
48 
69 
69 
86 
32 
30 
83 
64 
64 
48 
32 
33 
87 
33 
56 
68 
66 
86 
32 
35 
69 
66 
38 
90 
73 
44 
86 
41 
67 
70 
39 
71 
34 
68 
89 
89 
60 
87 
54 
35 
77 
59 
48 
84 
70 
71 
71 
43 
61 
88 
48 
